# spectral absorption [nm] of ozone per cm 
# after Vigroux and interpolation by Leckner aus Iqbal400 0.000
400 0.000
445 0.003
450 0.003
455 0.004
460 0.006
465 0.008
470 0.009
475 0.012
480 0.014
485 0.017
490 0.021
495 0.025
500 0.030
505 0.035
510 0.040
515 0.045
520 0.048
525 0.057
530 0.063
535 0.070
540 0.075
545 0.080
550 0.085
555 0.095
560 0.103
565 0.110
570 0.120
575 0.122
580 0.120
585 0.118
590 0.115
595 0.120
600 0.125
605 0.130
610 0.120
620 0.105
630 0.090
640 0.079
650 0.067
660 0.057
670 0.048
680 0.036
690 0.028
700 0.023
710 0.018
720 0.014
730 0.011
740 0.010
750 0.009
760 0.007
770 0.004
780 0.000
790 0.000
800 0.000
900 0.000
